83.0
43.0
50.333333333333336
48.666666666666664
43.666666666666664
89.0
43.333333333333336
72.0
74.33333333333333
70.66666666666667
61.0
68.0
76.33333333333333
62.0
58.333333333333336
69.33333333333333
85.66666666666667
42.666666666666664
42.666666666666664
62.0
93.33333333333333
71.0
55.666666666666664
62.333333333333336
60.0
58.0
72.33333333333333
59.666666666666664
49.0
55.666666666666664
59.666666666666664
79.33333333333333
59.333333333333336
78.33333333333333
65.33333333333333
54.333333333333336
59.333333333333336
71.33333333333333
82.33333333333333
68.66666666666667
53.0
44.333333333333336
73.0
84.66666666666667
74.0
45.333333333333336
51.0
60.0
67.0
45.333333333333336
40.333333333333336
44.0
75.0
47.333333333333336
57.333333333333336
53.666666666666664
60.0
45.333333333333336
56.0
64.66666666666667
61.0
64.33333333333333
82.0
81.66666666666667
53.0
77.66666666666667
64.0
69.66666666666667
58.666666666666664
76.66666666666667
45.666666666666664
73.0
65.0
56.666666666666664
40.0
60.333333333333336
70.0
60.666666666666664
68.0
69.0
55.666666666666664
63.0
95.33333333333333
69.33333333333333
52.333333333333336
78.33333333333333
61.0
70.33333333333333
50.0
43.666666666666664
90.33333333333333
90.33333333333333
69.0
65.66666666666667
53.666666666666664
53.333333333333336
61.0
50.0
49.333333333333336
43.666666666666664
74.66666666666667
68.33333333333333
52.0
68.0
71.33333333333333
65.66666666666667
47.0
58.666666666666664
53.333333333333336
51.666666666666664
77.33333333333333
77.0
53.0
66.33333333333333
46.0
70.0
74.66666666666667
59.0
58.0
51.666666666666664
52.666666666666664
63.666666666666664
35.0
63.0
44.0
53.0
60.666666666666664
46.0
68.66666666666667
72.66666666666667
72.33333333333333
37.333333333333336
43.333333333333336
61.666666666666664
84.66666666666667
69.66666666666667
42.666666666666664
55.333333333333336
49.0
56.666666666666664
66.33333333333333
54.0
69.66666666666667
55.0
60.333333333333336
71.0
70.0
57.666666666666664
73.33333333333333
63.666666666666664
39.333333333333336
66.66666666666667
62.0
53.333333333333336
68.0
54.0
45.333333333333336
60.333333333333336
67.66666666666667
47.666666666666664
92.0
61.666666666666664
46.666666666666664
66.33333333333333
60.94512195121951 63.73780487804878 60.298780487804876